-6.5416e-02
-3.6916e-02
-9.9999e-04
-4.0375e-02
-2.5625e-01
-1.6104e-01
-7.8374e-02
-1.1358e-01
-1.1833e-02
-7.6499e-02
-1.1525e-01
-3.5625e-02
-3.4875e-02
-9.4249e-02
-5.2083e-02
-3.9875e-02
-2.5167e-02
-1.0317e-01
-3.0417e-02
-1.3833e-02
-5.0958e-02
-1.4104e-01
-1.1667e-03
-5.3375e-02
-1.2400e-01
-9.5833e-03
-7.9125e-02
-6.6958e-02
-4.6166e-02
-5.1166e-02
-2.1804e-01
-3.6750e-02
-4.9833e-02
-2.4833e-02
-1.6167e-02
-1.8112e-01
-1.4667e-02
-6.8291e-02
-1.4500e-01
-2.6300e-01
-6.1875e-02
-1.2337e-01
-4.1583e-02
-2.1192e-01
-1.8292e-01
-9.8708e-02
-2.6542e-01
-1.4237e-01
-1.1842e-01
-4.8042e-02
-2.2117e-01
-7.1208e-02
-1.6758e-01
-3.9167e-02
-3.9875e-02
-7.7416e-02
-2.2500e-03
-6.5750e-02
-2.7287e-01
-2.1792e-01
-5.5625e-02
-4.6583e-02
-2.0417e-01
-8.3208e-02
-2.9712e-01
-8.6000e-02
-1.2083e-01
-2.3962e-01
-2.2792e-02
-8.5875e-02
-1.8096e-01
-1.6742e-01
-3.4958e-02
-2.9458e-02
-8.3333e-03
-6.8333e-03
-1.0817e-01
-1.1112e-01
-3.3583e-02
-1.1879e-01
-2.3029e-01
-7.6292e-02
-1.6446e-01
-1.9833e-02
-6.5000e-02
-7.2042e-02
-8.1667e-02
-1.0958e-02
-1.1679e-01
-2.8742e-01
-4.6000e-02
-5.4833e-02
-5.5833e-02
-6.6167e-02
-1.5375e-02
-1.9987e-01
-7.0333e-02
-3.0458e-02
-3.0754e-01
-6.7667e-02
-1.6562e-01
-3.0792e-02
-1.3575e-01
-2.5942e-01
-2.3917e-02
-1.9883e-01
-2.1167e-02
-4.9500e-02
-1.3887e-01
-2.5000e-02
-1.8021e-01
-1.5625e-02
-1.1246e-01
-1.0342e-01
-1.2492e-01
-7.5750e-02
-9.5833e-03
-1.2679e-01
-2.7121e-01
-1.7208e-01
-8.0750e-02
-3.8542e-02
-1.8258e-01
-1.3696e-01
-1.8208e-01
-4.6917e-02
-6.4042e-02
-4.5417e-02
-1.8379e-01
-6.4250e-02
-7.3208e-02
-2.7329e-01
-4.4042e-02
-4.9667e-02
-3.7500e-03
-1.0212e-01
-4.8958e-02
-1.3742e-01
-3.3333e-02
-1.1971e-01
-9.4125e-02
-6.6667e-02
-5.3375e-02
-1.3075e-01
-3.1000e-02
-8.1000e-02
-7.5583e-02
-6.5500e-02
-8.8458e-02
-2.4517e-01
-8.2667e-02
-1.4308e-01
-6.8917e-02
-8.5208e-02
-5.4167e-03
-1.0417e-03
-4.1542e-02
-9.2500e-02
-1.7292e-02
-6.1833e-02
-5.8208e-02
-9.4583e-03
-1.0417e-01
-2.9162e-01
-1.8667e-02
-2.7292e-02
-8.4667e-02
-2.5333e-01
-2.8762e-01
-2.9296e-01
-1.1692e-01
-4.9583e-02
-9.4583e-03
-7.8750e-03
-2.5833e-01
-2.4146e-01
-3.5167e-02
-8.4750e-02
-3.1958e-02
-1.1904e-01
-1.0133e-01
-9.6792e-02
-6.6875e-02
-6.5958e-02
-2.1987e-01
-1.7204e-01
-5.3750e-02
-4.4083e-02
-4.6208e-02
-1.5329e-01
-2.4183e-01
-8.4458e-02
-1.1708e-02
-4.1750e-02
-7.3875e-02
-1.2137e-01
-1.9175e-01
-2.7317e-01
-2.3792e-02
-8.0542e-02
-4.0958e-02
-2.0704e-01
-5.4875e-02
-2.9958e-02
-5.1542e-02
-4.5667e-02
-1.7546e-01
-1.1287e-01
-2.0921e-01
-3.1625e-02
-1.3358e-01
-9.2917e-03
-3.9083e-02
-1.9842e-01
-9.9417e-02
-4.2333e-02
-3.6292e-02
-2.6875e-02
-5.4583e-02
-1.2254e-01
-1.0592e-01
-2.3829e-01
-8.3625e-02
-9.9208e-02
-8.5083e-02
-1.4342e-01
-1.2175e-01
-1.3333e-01
-2.3500e-01
-2.5375e-02
-1.1879e-01
-1.4583e-01
-4.3167e-02
-2.6875e-02
-2.4167e-01
-3.6542e-02
-1.7083e-02
-4.8500e-02
-2.1192e-01
-5.6708e-02
-3.0217e-01
-2.6250e-03
-2.1183e-01
-7.8167e-02
-3.2562e-01
-4.2917e-03
-8.6667e-03
-7.8417e-02
-2.1167e-02
-1.9533e-01
-5.7458e-02
-1.5275e-01
-6.2458e-02
-8.9833e-02
-5.0958e-02
-6.9167e-03
-1.1004e-01
-4.3208e-02
-4.1333e-02
-2.6471e-01
-4.9958e-02
-4.3917e-02
-9.8417e-02
-1.1367e-01
-1.5650e-01
-2.1542e-02
-2.4987e-01
-1.8196e-01
-4.4042e-02
-6.4667e-02
-7.4250e-02
-3.6833e-02
-2.8879e-01
-2.8167e-02
-1.7579e-01
-7.0833e-03
-8.8708e-02
-6.8250e-02
-7.5000e-02
-1.5254e-01
-3.1292e-02
-1.5621e-01
-2.9425e-01
-3.0558e-01
-2.9771e-01
-8.6208e-02
-1.4971e-01
-1.1083e-02
-8.3292e-02
-1.7887e-01
-8.9833e-02
-7.5250e-02
-2.0108e-01
-6.2167e-02
-4.5167e-02
-2.7500e-02
-3.2833e-02
-4.8333e-02
-9.0625e-02
-1.6033e-01
-5.5458e-02
-8.5333e-02
-4.6125e-02
-1.1608e-01
-2.4712e-01
-1.0817e-01
-2.5312e-01
-4.4125e-02
-1.1187e-01
-2.5383e-01
-2.5379e-01
-3.2358e-01
-5.7792e-02
-4.0375e-02
-3.1625e-02
-8.4625e-02
-4.2292e-02
-1.2333e-02
-2.7987e-01
-4.7708e-02
-5.8042e-02
-3.0958e-02
-8.2125e-02
-3.7667e-02
-1.8200e-01
-3.5708e-02
-2.5250e-02
-9.3042e-02
-3.4000e-02
-1.1708e-02
-2.7671e-01
-9.7833e-02
-3.5292e-02
-6.0917e-02
-5.2417e-02
-4.4208e-02
-1.1312e-01
-2.2879e-01
-5.4208e-02
-7.2958e-02
-1.1150e-01
-3.9708e-02
-1.0025e-01
-3.3958e-02
-1.6667e-02
-1.8017e-01
-1.4875e-02
-1.4542e-01
-6.3708e-02
-2.4917e-01
-2.5504e-01
-7.3833e-02
-9.2708e-02
-9.0416e-03
-2.2112e-01
-1.8017e-01
-8.7916e-03
-1.4579e-01
-4.6417e-02
-2.1754e-01
-2.2587e-01
-4.1583e-02
-2.0508e-01
-5.1708e-02
-1.8458e-02
-6.5625e-02
-2.8012e-01
-9.4708e-02
-2.5221e-01
-1.4671e-01
-1.9871e-01
-1.2058e-01
-1.0829e-01
-2.7746e-01
-2.3983e-01
-7.1166e-02
-4.5500e-02
-1.7558e-01
-2.7900e-01
-9.4083e-02
-1.4267e-01
-3.0292e-02
-2.0479e-01
-1.1967e-01
-4.1666e-02
-2.4625e-02
-1.3825e-01
-5.6791e-02
-5.7333e-02
-8.2624e-02
-2.2550e-01
-2.7308e-01
-2.3383e-01
-9.5291e-02
-2.4358e-01
-2.3375e-01
-1.4829e-01
-1.1979e-01
