 -2.9671e-01
 -9.3749e-03
 -1.1000e-01
 -1.8346e-01
 -1.3221e-01
 -3.9083e-02
 -1.1162e-01
 -2.3925e-01
 -3.7166e-02
 -2.5266e-01
 -1.3983e-01
 -1.1529e-01
 -2.7212e-01
 -2.2654e-01
 -1.0796e-01
 -3.3912e-01
 -1.1075e-01
 -2.5862e-01
 -2.2675e-01
 -1.6387e-01
 -1.1942e-01
 -1.3462e-01
 -1.5187e-01
 -3.1604e-01
 -2.8250e-02
 -8.2833e-02
 -2.0362e-01
 -2.2479e-01
 -2.5942e-01
 -2.4625e-01
 -2.8042e-02
 -9.5833e-02
 -1.8250e-01
 -2.4692e-01
 -3.0575e-01
 -1.6196e-01
 -3.2942e-01
 -1.2908e-01
 -6.5958e-02
 -5.8750e-02
 -1.4879e-01
 -1.8417e-01
 -1.7483e-01
 -2.1946e-01
 -9.5791e-02
 -8.7291e-02
 -1.2854e-01
 -4.9958e-02
 -3.0008e-01
 -3.9083e-02
 -1.4871e-01
 -1.7262e-01
 -1.6754e-01
 -1.1779e-01
 -7.8958e-02
 -1.0833e-03
 -5.2875e-02
 -8.0667e-02
 -2.1254e-01
 -1.4933e-01
 -2.7383e-01
 -1.6667e-03
 -6.9417e-02
 -1.6267e-01
 -4.9333e-02
 -3.1675e-01
 -2.7271e-01
 -1.1292e-01
 -5.5750e-02
 -6.0250e-02
 -6.1917e-02
 -6.6250e-03
 -9.0542e-02
 -3.0833e-03
 -2.5637e-01
 -1.7442e-01
 -6.7917e-02
 -1.9333e-02
 -3.7167e-02
 -3.5000e-03
 -1.0042e-01
 -3.2387e-01
 -2.1575e-01
 -1.7254e-01
 -3.3575e-01
 -1.2083e-01
 -1.4783e-01
 -1.3875e-01
 -1.0771e-01
 -5.2292e-02
 -7.6250e-03
 -5.8750e-02
 -5.6417e-02
 -2.4667e-01
 -5.6625e-02
 -1.0092e-01
 -3.5250e-02
 -2.7500e-03
 -1.1404e-01
 -9.1750e-02
 -2.4871e-01
 -4.3917e-02
 -1.7004e-01
 -9.0958e-02
 -1.4504e-01
 -2.1292e-01
 -4.6417e-02
 -1.0046e-01
 -4.8417e-02
 -6.5500e-02
 -2.5275e-01
 -1.1583e-01
 -2.0262e-01
 -4.1708e-02
 -1.0058e-01
 -9.0125e-02
 -2.0446e-01
 -8.1542e-02
 -5.4167e-03
 -5.7875e-02
 -3.1092e-01
 -6.1625e-02
 -2.5346e-01
 -1.1587e-01
 -2.7300e-01
 -6.4542e-02
 -2.4083e-02
 -3.8417e-02
 -9.9083e-02
 -5.5833e-03
 -5.1667e-02
 -1.9171e-01
 -1.5187e-01
 -2.3192e-01
 -3.5333e-02
 -2.0262e-01
 -2.6746e-01
 -7.0125e-02
 -1.5621e-01
 -7.7250e-02
 -2.5308e-01
 -1.6283e-01
 -4.5167e-02
 -1.3808e-01
 -1.3283e-01
 -4.8917e-02
 -5.3417e-02
 -3.7083e-03
 -2.4050e-01
 -7.4375e-02
 -1.9183e-01
 -7.4333e-02
 -2.4292e-01
 -6.4500e-02
 -2.8625e-02
 -2.2062e-01
 -3.1083e-02
 -4.4458e-02
 -7.0250e-02
 -2.3546e-01
 -6.5375e-02
 -6.2542e-02
 -9.0708e-02
 -1.6667e-04
 -4.2125e-02
 -3.5917e-02
 -5.0292e-02
 -1.4946e-01
 -2.6250e-01
 -9.4542e-02
 -2.7433e-01
 -2.3083e-02
 -6.7375e-02
 -1.6146e-01
 -1.3779e-01
 -6.2750e-02
 -2.3125e-02
 -8.1625e-02
 -5.6667e-03
 -5.5167e-02
 -8.4833e-02
 -2.8562e-01
 -3.0167e-02
 -7.9958e-02
 -2.7958e-01
 -3.8000e-02
 -2.5512e-01
 -8.9083e-02
 -8.3625e-02
 -3.1125e-02
 -1.5850e-01
 -3.3308e-01
 -1.6575e-01
 -5.8625e-02
 -2.7346e-01
 -7.1167e-02
 -8.2042e-02
 -1.3196e-01
 -5.4417e-02
 -1.0517e-01
 -1.4204e-01
 -2.0125e-01
 -9.6708e-02
 -8.2083e-02
 -8.1500e-02
 -3.2583e-02
 -8.1083e-02
 -6.0583e-02
 -2.9125e-02
 -2.3921e-01
 -4.8667e-02
 -2.0550e-01
 -1.9458e-02
 -3.3625e-02
 -9.6833e-02
 -7.0500e-02
 -2.7196e-01
 -2.2821e-01
 -3.7125e-02
 -7.6000e-02
 -1.5625e-01
 -3.2833e-02
 -6.4542e-02
 -3.0279e-01
 -3.6292e-02
 -1.1454e-01
 -1.2304e-01
 -1.2646e-01
 -2.5783e-01
 -2.9704e-01
 -2.2612e-01
 -1.4417e-01
 -1.8942e-01
 -1.7442e-01
 -2.0425e-01
 -2.0712e-01
 -2.6917e-02
 -2.1700e-01
 -3.3992e-01
 -9.4958e-02
 -8.7792e-02
 -1.9125e-02
 -3.0262e-01
 -3.3417e-02
 -2.7042e-02
 -1.1792e-01
 -1.8375e-02
 -9.5333e-02
 -1.1800e-01
 -4.2958e-02
 -2.6375e-02
 -4.0625e-02
 -2.1171e-01
 -9.8833e-02
 -5.9625e-02
 -5.6917e-02
 -2.1596e-01
 -1.9542e-02
 -2.8021e-01
 -2.6542e-01
 -9.7917e-02
 -2.4246e-01
 -1.0921e-01
 -1.2633e-01
 -7.8000e-02
 -1.7025e-01
 -7.5000e-02
 -3.3042e-01
 -1.9987e-01
 -7.1708e-02
 -5.6583e-02
 -1.4758e-01
 -5.6833e-02
 -2.2208e-02
 -2.5721e-01
 -7.9083e-02
 -1.5812e-01
 -1.0446e-01
 -1.4254e-01
 -7.2750e-02
 -7.0167e-02
 -7.2167e-02
 -1.7212e-01
 -1.3954e-01
 -2.0750e-02
 -2.1696e-01
 -5.9833e-02
 -2.5771e-01
 -3.3042e-02
 -2.0250e-01
 -8.6458e-02
 -1.5833e-02
 -1.0008e-01
 -8.8000e-02
 -3.1412e-01
 -1.9621e-01
 -2.0500e-01
 -1.1017e-01
 -9.3750e-02
 -1.2233e-01
 -9.0917e-02
 -7.1792e-02
 -2.4279e-01
 -7.5167e-02
 -2.1875e-02
 -2.1483e-01
 -4.0375e-02
 -4.0667e-02
 -1.1933e-01
 -1.6521e-01
 -6.5667e-02
 -1.1304e-01
 -1.1387e-01
 -7.1083e-02
 -3.2721e-01
 -6.8333e-02
 -1.4258e-01
 -5.8167e-02
 -1.9442e-01
 -5.0083e-02
 -2.4975e-01
 -1.1325e-01
 -1.4408e-01
 -5.3208e-02
 -2.6300e-01
 -1.0450e-01
 -1.1058e-01
 -2.7000e-02
 -1.5612e-01
 -1.0642e-01
 -3.5833e-02
 -4.4167e-02
 -4.3583e-02
 -1.0625e-01
 -8.3500e-02
 -3.3137e-01
 -1.4242e-01
 -2.3504e-01
 -3.5500e-02
 -5.3292e-02
 -1.7842e-01
 -3.0167e-01
 -3.1508e-01
 -3.2083e-02
 -3.2829e-01
 -4.2875e-02
 -5.6417e-02
 -1.1017e-01
 -1.4625e-01
 -2.5000e-02
 -3.0087e-01
 -8.0000e-02
 -1.4058e-01
 -1.1358e-01
 -2.2912e-01
 -1.5150e-01
 -1.9721e-01
 -2.7333e-02
 -1.8696e-01
 -2.3917e-02
 -5.4917e-02
 -2.0917e-02
 -9.7708e-02
 -1.1496e-01
 -1.3896e-01
 -9.2833e-02
 -3.2133e-01
 -2.3783e-01
 -2.6375e-02
 -1.0104e-01
 -1.4717e-01
 -4.2042e-02
 -8.9500e-02
 -6.6667e-04
 -1.4542e-02
 -6.3542e-02
 -5.9375e-02
 -5.2750e-02
 -1.0654e-01
 -2.2917e-02
 -7.2250e-02
 -2.7017e-01
 -1.3542e-01
 -1.2008e-01
 -4.9542e-02
 -1.8858e-01
 -6.5125e-02
 -1.2012e-01
 -6.6083e-02
 -2.6333e-02
 -2.5867e-01
 -3.8542e-02
 -8.3208e-02
 -1.6417e-02
 -1.0337e-01
 -1.9225e-01
 -1.3858e-01
 -1.6562e-01
 -1.6637e-01
 -2.0679e-01
 -2.9308e-01
 -4.7292e-02
 -5.3458e-02
 -8.1042e-02
 -1.7708e-02
 -6.4667e-02
 -4.7875e-02
 -2.8846e-01
 -1.5833e-02
 -1.9858e-01
 -1.0437e-01
 -2.9950e-01
 -5.6333e-02
 -1.4304e-01
 -4.3292e-02
 -2.1279e-01
 -6.4167e-02
 -1.3108e-01
 -2.1375e-02
 -1.4708e-01
 -1.6042e-01
 -2.5833e-02
 -1.8558e-01
 -1.0683e-01
 -1.2179e-01
 -4.1500e-02
 -4.1667e-02
 -4.0333e-02
 -1.2200e-01
 -8.6208e-02
 -2.6054e-01
 -7.8833e-02
 -2.3729e-01
 -1.9500e-02
 -3.3967e-01
 -4.4833e-02
 -2.8792e-01
 -1.0517e-01
 -1.8621e-01
 -2.3875e-02
 -1.5017e-01
 -3.7958e-02
 -8.3958e-02
 -1.1712e-01
 -5.8750e-02
 -1.1187e-01
 -2.8004e-01
 -1.1471e-01
 -1.9858e-01
 -2.3046e-01
 -7.6500e-02
 -1.3804e-01
 -4.2750e-02
 -8.1042e-02
 -2.0871e-01
 -1.1433e-01
 -1.6129e-01
 -4.7458e-02
 -4.6333e-02
 -7.1167e-02
 -2.0771e-01
 -6.9167e-02
 -1.7958e-02
 -1.3787e-01
 -1.0054e-01
 -1.2483e-01
 -1.1075e-01
 -1.7712e-01
 -4.9458e-02
 -1.1692e-01
 -2.1112e-01
 -1.2512e-01
 -2.0754e-01
 -1.9042e-02
 -3.3125e-02
 -5.2917e-02
 -1.4583e-01
 -3.0829e-01
 -2.5604e-01
 -7.5500e-02
 -5.5500e-02
 -9.9333e-02
 -1.5992e-01
 -1.3796e-01
 -1.1808e-01
 -1.3854e-01
 -9.5916e-02
 -2.0921e-01
 -9.6083e-02
 -2.6792e-02
 -5.3291e-02
 -6.4166e-03
 -2.4904e-01
 -4.1375e-02
 -1.9858e-01
 -2.7712e-01
 -1.8458e-02
 -3.4833e-02
 -7.1958e-02
 -8.3458e-02
 -5.1625e-02
 -3.3167e-02
 -2.0608e-01
 -1.6292e-02
 -2.6392e-01
 -2.3500e-01
 -1.0321e-01
 -3.3121e-01
 -1.5337e-01
 -9.4166e-02
 -3.8875e-02
 -1.1500e-01
 -2.2729e-01
 -9.5916e-02
 -1.5321e-01
 -2.5641e-01
 -6.4791e-02
 -1.1425e-01
 -2.9091e-01
 -8.7541e-02
